 50
 0
 194
 0
 250
  1   2    10       13  0 1
  1   5     7        8  0 1
  1   6     2        7  0 1
  2   3     6       10  0 1
  2   7     1        7  0 1
  3   4     6        9  0 1
  3   9     5        6  0 1
  4  10     3        6  0 1
  5   6     9       10  0 1
  5  11     3        9  0 1
  5  18     9       12  0 1
  6   7     5        7  0 1
  6  12     2        7  0 1
  6  13     3        8  0 1
  7   8     2        6  0 1
  7  13     4        6  0 1
  8   9     3        5  0 1
  8  14     3        7  0 1
  9  10     8        9  0 1
  9  15     2        8  0 1
  9  16     5        9  0 1
 10  17     7       11  0 1
 11  12     3        5  0 1
 11  19     1        8  0 1
 12  13     1        4  0 1
 12  20     2        7  0 1
 13  14     2        6  0 1
 13  21     3        6  0 1
 14  15     1        5  0 1
 14  22     5        9  0 1
 15  16     2        7  0 1
 15  23     1        6  0 1
 16  17     7        8  0 1
 16  24     3        7  0 1
 17  25     7        8  0 1
 18  19     1        4  0 1
 18  26     2        9  0 1
 18  29     5       10  0 1
 19  20     3        9  0 1
 19  26     1        6  0 1
 20  21     4        7  0 1
 20  30     9       12  0 1
 21  22     5       10  0 1
 21  27     4        7  0 1
 22  23     2        6  0 1
 22  31     6        9  0 1
 23  24     6        8  0 1
 23  31     3       10  0 1
 24  25     2        7  0 1
 24  32     5       11  0 1
 25  28     3        6  0 1
 26  29     2        4  0 1
 26  30     1        3  0 1
 26  34     5       10  0 1
 27  30     3        6  0 1
 27  31     7       12  0 1
 27  35     6        9  0 1
 27  36     8       12  0 1
 28  32     1        4  0 1
 28  38     6       10  0 1
 29  33     6        8  0 1
 29  39     5        7  0 1
 30  34     1        5  0 1
 31  32     3        5  0 1
 31  37     2        6  0 1
 32  37     3        7  0 1
 32  38     5        9  0 1
 33  34     4        6  0 1
 33  39     3        8  0 1
 33  40     3        7  0 1
 33  46     6       10  0 1
 34  35     2        5  0 1
 34  40     1        5  0 1
 35  36     3        6  0 1
 35  41     3        4  0 1
 36  37     2        4  0 1
 36  42     2        6  0 1
 37  38     7        9  0 1
 37  43     2        7  0 1
 38  43     3        8  0 1
 38  45     7        9  0 1
 40  41     3        4  0 1
 40  47     2        3  0 1
 41  42     4        6  0 1
 41  48     1        3  0 1
 41  49     2        4  0 1
 42  43     4        9  0 1
 42  44     1        3  0 1
 43  45     1        4  0 1
 43  0      6        6  0 1
 44  49     4        5  0 1
 44  0      5        7  0 1
 45  0      3        7  0 1
 46  47     4        7  0 1
 47  48     3        6  0 1
 48  49     7       10  0 1
 49  0     10       12  0 1 
 2    1    10       13  0 1
 5    1     7        8  0 1
 6    1     2        7  0 1
 3    2     6       10  0 1
 7    2     1        7  0 1
 4    3     6        9  0 1
 9    3     5        6  0 1
10    4     3        6  0 1
 6    5     9       10  0 1
11    5     3        9  0 1
18    5     9       12  0 1
 7    6     5        7  0 1
12    6     2        7  0 1
13    6     3        8  0 1
 8    7     2        6  0 1
13    7     4        6  0 1
 9    8     3        5  0 1
14    8     3        7  0 1
10    9     8        9  0 1
15    9     2        8  0 1
16    9     5        9  0 1
17   10     7       11  0 1
12   11     3        5  0 1
19   11     1        8  0 1
13   12     1        4  0 1
20   12     2        7  0 1
14   13     2        6  0 1
21   13     3        6  0 1
15   14     1        5  0 1
22   14     5        9  0 1
16   15     2        7  0 1
23   15     1        6  0 1
17   16     7        8  0 1
24   16     3        7  0 1
25   17     7        8  0 1
19   18     1        4  0 1
26   18     2        9  0 1
29   18     5       10  0 1
20   19     3        9  0 1
26   19     1        6  0 1
21   20     4        7  0 1
30   20     9       12  0 1
22   21     5       10  0 1
27   21     4        7  0 1
23   22     2        6  0 1
31   22     6        9  0 1
24   23     6        8  0 1
31   23     3       10  0 1
25   24     2        7  0 1
32   24     5       11  0 1
28   25     3        6  0 1
29   26     2        4  0 1
30   26     1        3  0 1
34   26     5       10  0 1
30   27     3        6  0 1
31   27     7       12  0 1
35   27     6        9  0 1
36   27     8       12  0 1
32   28     1        4  0 1
38   28     6       10  0 1
33   29     6        8  0 1
39   29     5        7  0 1
34   30     1        5  0 1
32   31     3        5  0 1
37   31     2        6  0 1
37   32     3        7  0 1
38   32     5        9  0 1
34   33     4        6  0 1
39   33     3        8  0 1
40   33     3        7  0 1
46   33     6       10  0 1
35   34     2        5  0 1
40   34     1        5  0 1
36   35     3        6  0 1
41   35     3        4  0 1
37   36     2        4  0 1
42   36     2        6  0 1
38   37     7        9  0 1
43   37     2        7  0 1
43   38     3        8  0 1
45   38     7        9  0 1
41   40     3        4  0 1
47   40     2        3  0 1
42   41     4        6  0 1
48   41     1        3  0 1
49   41     2        4  0 1
43   42     4        9  0 1
44   42     1        3  0 1
45   43     1        4  0 1
0    43     6        6  0 1
49   44     4        5  0 1
0    44     5        7  0 1
0    45     3        7  0 1
47   46     4        7  0 1
48   47     3        6  0 1
49   48     7       10  0 1
0    49    10       12  0 1
 